#	#	#
1	517.590	0.040
1	517.590	0.040
1	517.590	0.040
1	3861.610	0.040
2	3861.610	0.040
2	3861.610	0.040
2	3861.610	0.040
2	3861.610	0.040
2	3985.260	0.040
3	3985.260	0.040
3	3985.260	0.040
3	3985.260	0.040
3	29.560	0.040
4	29.560	0.040
4	29.560	0.040
4	29.560	0.040
4	2525.570	0.040
5	2525.570	0.040
5	2525.570	0.040
5	2525.570	0.040
5	2525.570	0.040
5	3905.290	0.040
6	3905.290	0.040
6	3905.290	0.040
6	3905.290	0.040
6	3905.290	0.040
6	3945.460	0.040
7	3945.460	0.040
7	3945.460	0.040
7	3945.460	0.040
7	3945.460	0.040
7	3809.070	0.040
8	3809.070	0.040
8	3809.070	0.040
8	3809.070	0.040
8	3545.690	0.040
9	3545.690	0.040
9	3545.690	0.040
9	3545.690	0.040
9	3545.690	0.040
9	3969.310	0.040
10	3969.310	0.040
10	3969.310	0.040
10	3969.310	0.040
10	3397.360	0.040
11	3397.360	0.040
11	3397.360	0.040
11	3397.360	0.040
11	3397.360	0.040
11	3981.130	0.040
12	3981.130	0.040
12	3981.130	0.040
12	3981.130	0.040
12	3861.590	0.040
13	3861.590	0.040
13	3861.590	0.040
13	3861.590	0.040
13	3861.590	0.040
13	3917.280	0.040
14	3917.280	0.040
14	3917.280	0.040
14	3917.280	0.040
14	3917.280	0.040
14	3961.700	0.040
15	3961.700	0.040
15	3961.700	0.040
15	805.510	0.040
16	805.510	0.040
16	805.510	0.040
16	805.510	0.040
16	3793.490	0.040
17	3793.490	0.040
17	3793.490	0.040
17	3793.490	0.040
17	3793.490	0.040
17	3965.110	0.040
18	3965.110	0.040
18	3965.110	0.040
18	3965.110	0.040
18	1709.700	0.040
19	1709.700	0.040
19	1709.700	0.040
19	1709.700	0.040
19	3985.600	0.040
20	3985.600	0.040
20	3985.600	0.040
20	3985.600	0.040
20	2001.520	0.040
21	2001.520	0.040
21	2001.520	0.040
21	2001.520	0.040
21	3733.290	0.040
22	3733.290	0.040
22	3733.290	0.040
22	3733.290	0.040
22	3733.290	0.040
22	3945.500	0.040
23	3945.500	0.040
23	3945.500	0.040
23	3945.500	0.040
23	3945.500	0.040
23	3985.290	0.040
24	3985.290	0.040
24	3985.290	0.040
24	3985.290	0.040
24	3985.290	0.040
24	3909.600	0.040
25	3909.600	0.040
25	3909.600	0.040
25	3909.600	0.040
25	3461.580	0.040
26	3461.580	0.040
26	3461.580	0.040
26	3461.580	0.040
26	3461.580	0.040
26	3917.280	0.040
27	3917.280	0.040
27	3917.280	0.040
27	3917.280	0.040
27	3081.550	0.040
28	3081.550	0.040
28	3081.550	0.040
28	3081.550	0.040
28	3885.710	0.040
29	3885.710	0.040
29	3885.710	0.040
29	3885.710	0.040
29	2825.500	0.040
30	2825.500	0.040
30	2825.500	0.040
30	2825.500	0.040
30	3965.270	0.040
31	3965.270	0.040
31	3965.270	0.040
31	3965.270	0.040
31	2245.600	0.040
32	2245.600	0.040
32	2245.600	0.040
32	2245.600	0.040
32	2617.530	0.040
33	2617.530	0.040
33	2617.530	0.040
33	2617.530	0.040
33	2617.530	0.040
33	3969.290	0.040
34	3969.290	0.040
34	3969.290	0.040
34	3969.290	0.040
34	3445.580	0.040
35	3445.580	0.040
35	3445.580	0.040
35	3445.580	0.040
35	3445.580	0.040
35	2905.570	0.040
36	2905.570	0.040
36	2905.570	0.040
36	2905.570	0.040
36	2905.570	0.040
36	3849.070	0.040
37	3849.070	0.040
37	3849.070	0.040
37	3849.070	0.040
37	3685.470	0.040
38	3685.470	0.040
38	3685.470	0.040
38	3685.470	0.040
38	3685.470	0.040
38	3961.450	0.040
39	3961.450	0.040
39	3961.450	0.040
39	3961.450	0.040
39	1717.600	0.040
40	1717.600	0.040
40	1717.600	0.040
40	1717.600	0.040
40	3989.520	0.040
41	3989.520	0.040
41	3989.520	0.040
41	3989.520	0.040
41	2249.520	0.040
42	2249.520	0.040
42	2249.520	0.040
42	2249.520	0.040
42	3757.050	0.040
43	3757.050	0.040
43	3757.050	0.040
43	3757.050	0.040
43	3757.050	0.040
43	3945.450	0.040
44	3945.450	0.040
44	3945.450	0.040
44	3945.450	0.040
44	3945.450	0.040
44	3969.290	0.040
45	3969.290	0.040
45	3969.290	0.040
45	3969.290	0.040
45	1585.530	0.040
46	1585.530	0.040
46	1585.530	0.040
46	1585.530	0.040
46	265.560	0.040
47	265.560	0.040
47	265.560	0.040
47	265.560	0.040
47	265.560	0.040
47	3985.130	0.040
48	3985.130	0.040
48	3985.130	0.040
48	3985.130	0.040
48	3985.130	0.040
48	3953.300	0.040
49	3953.300	0.040
49	3953.300	0.040
49	3953.300	0.040
49	3769.500	0.040
50	3769.500	0.040
50	3769.500	0.040
50	3769.500	0.040
50	213.240	0.040
51	213.240	0.040
51	213.240	0.040
51	213.240	0.040
51	3961.520	0.040
52	3961.520	0.040
52	3961.520	0.040
52	3961.520	0.040
52	3961.520	0.040
52	3917.250	0.040
53	3917.250	0.040
53	3917.250	0.040
53	3917.250	0.040
53	3904.620	0.040
54	3904.620	0.040
54	3904.620	0.040
54	3904.620	0.040
54	3685.460	0.040
55	3685.460	0.040
55	3685.460	0.040
55	3685.460	0.040
55	3545.700	0.040
56	3545.700	0.040
56	3545.700	0.040
56	3545.700	0.040
56	3609.270	0.040
57	3609.270	0.040
57	3609.270	0.040
57	3609.270	0.040
57	3597.600	0.040
58	3597.600	0.040
58	3597.600	0.040
58	3597.600	0.040
58	465.520	0.040
59	465.520	0.040
59	465.520	0.040
59	465.520	0.040
59	465.520	0.040
59	3989.550	0.040
60	3989.550	0.040
60	3989.550	0.040
60	3989.550	0.040
60	3901.170	0.040
61	3901.170	0.040
61	3901.170	0.040
61	3901.170	0.040
61	3901.170	0.040
61	3940.610	0.040
62	3940.610	0.040
62	3940.610	0.040
62	3940.610	0.040
62	3940.610	0.040
62	3989.560	0.040
63	3989.560	0.040
63	3989.560	0.040
63	3989.560	0.040
63	3989.560	0.040
63	3881.290	0.040
64	3881.290	0.040
64	3881.290	0.040
64	3881.290	0.040
64	653.490	0.040
65	653.490	0.040
65	653.490	0.040
65	653.490	0.040
65	2845.580	0.040
66	2845.580	0.040
66	2845.580	0.040
66	2845.580	0.040
66	2845.580	0.040
66	3977.080	0.040
67	3977.080	0.040
67	3977.080	0.040
67	3977.080	0.040
67	2137.240	0.040
68	2137.240	0.040
68	2137.240	0.040
68	2137.240	0.040
68	3605.630	0.040
69	3605.630	0.040
69	3605.630	0.040
69	2045.590	0.040
70	2045.590	0.040
70	2045.590	0.040
70	2045.590	0.040
70	2177.590	0.040
71	2177.590	0.040
71	2177.590	0.040
71	2177.590	0.040
71	2177.590	0.040
71	3785.530	0.040
72	3785.530	0.040
72	3785.530	0.040
72	3785.530	0.040
72	157.540	0.040
73	157.540	0.040
73	157.540	0.040
73	157.540	0.040
73	2929.590	0.040
74	2929.590	0.040
74	2929.590	0.040
74	2929.590	0.040
74	3233.600	0.040
75	3233.600	0.040
75	3233.600	0.040
75	3233.600	0.040
75	3233.600	0.040
75	3365.590	0.040
76	3365.590	0.040
76	3365.590	0.040
76	3365.590	0.040
76	1129.480	0.040
77	1129.480	0.040
77	1129.480	0.040
77	1129.480	0.040
77	1129.480	0.040
77	3961.420	0.040
78	3961.420	0.040
78	3961.420	0.040
78	3961.420	0.040
78	3961.420	0.040
78	3989.570	0.040
79	3989.570	0.040
79	3989.570	0.040
79	3989.570	0.040
79	3989.570	0.040
79	3989.500	0.040
80	3989.500	0.040
80	3989.500	0.040
80	3989.500	0.040
80	3989.500	0.040
80	3885.730	0.040
81	3885.730	0.040
81	3885.730	0.040
81	3885.730	0.040
81	3633.530	0.040
82	3633.530	0.040
82	3633.530	0.040
82	3633.530	0.040
82	3633.530	0.040
82	3985.590	0.040
83	3985.590	0.040
83	3985.590	0.040
83	3985.590	0.040
83	3601.600	0.040
84	3601.600	0.040
84	3601.600	0.040
84	3601.600	0.040
84	3601.600	0.040
84	3961.490	0.040
85	3961.490	0.040
85	3961.490	0.040
85	3961.490	0.040
85	3961.490	0.040
85	2613.110	0.040
86	2613.110	0.040
86	2613.110	0.040
86	2613.110	0.040
86	3965.260	0.040
87	3965.260	0.040
87	3965.260	0.040
87	3965.260	0.040
87	3625.500	0.040
88	3625.500	0.040
88	3625.500	0.040
88	3625.500	0.040
88	3765.600	0.040
89	3765.600	0.040
89	3765.600	0.040
89	3765.600	0.040
89	2985.590	0.040
90	2985.590	0.040
90	2985.590	0.040
90	2985.590	0.040
90	509.370	0.040
91	509.370	0.040
91	509.370	0.040
91	509.370	0.040
91	3781.550	0.040
92	3781.550	0.040
92	3781.550	0.040
92	3781.550	0.040
92	3757.050	0.040
93	3757.050	0.040
93	3757.050	0.040
93	3757.050	0.040
93	3609.240	0.040
94	3609.240	0.040
94	3609.240	0.040
94	3609.240	0.040
94	2741.380	0.040
95	2741.380	0.040
95	2741.380	0.040
95	2741.380	0.040
95	2741.380	0.040
95	3917.310	0.040
96	3917.310	0.040
96	3917.310	0.040
96	3917.310	0.040
96	3545.560	0.040
97	3545.560	0.040
97	3545.560	0.040
97	3545.560	0.040
97	3545.560	0.040
97	3945.540	0.040
98	3945.540	0.040
98	3945.540	0.040
98	3945.540	0.040
98	3945.540	0.040
98	3997.150	0.040
99	3997.150	0.040
99	3997.150	0.040
99	3997.150	0.040
99	509.280	0.040
100	509.280	0.040
100	509.280	0.040
100	3517.500	0.040
